# map_1
000000000000000000
000002222222220000
000002111111120000
000002111311120000
000002111111120000
000002111111120000
000002221112220000
000000021112000000
000000021112000000
000000021112000000
000000021112000000
002222221112222200
002111111111111200
002114111111111200
002111111411141200
002111111111111200
002114111111111200
002111111111111200
002111111111411200
002222222222222200
000000000000000000

# map_2
000000000000000000000000
000000000000002222222200
000000000000022111111220
000022222220221111411422
000221111122211141111112
000211111111111111111412
000211131111111114111112
000211111111111411111112
000221111122211111411122
000022111220221141111120
000002111200022111111220
002222111222202222222200
022111114111220000000000
021411111111120000000000
221111111111122000000000
211111111111112000000000
211111441111112000000000
211111111111112000000000
214111111411412000000000
211111111111112000000000
222111141111222000000000
002222222222200000000000
000000000000000000000000

# map_3
00000222222222222200000
00002211111111111220000
00002111111111111120000
00002111111111111120000
00002111111111111120000
00002111111311111120000
00002111111111111120000
00002111111111111120000
00002111111111111120000
00002111111111111120000
00002221111111112220000
00000022211111222000000
00000000221112200000000
00000000021112000000000
00000000021112000000000
00000000021112000000000
00000000021112000000000
00000000221112200000000
00000222211111222200000
02222211111111111222220
22111111111111111111122
21111111111114111111112
21411111111111111411112
21111111141111111111112
21411111111111111111112
21111111111111114111112
21141111111111111111112
21111111111114111114112
21111111114111111111112
22111111111111111111122
02222211111111111222220
00000222221112222200000
00000000021112000000000
00000000021112000000000
00000000021112000000000
00000000021112000000000
00000000221112200000000
00000002211111220000000
00000002111111120000000
00000002111111120000000
00000002111411120000000
00000002111111120000000
00000002111411120000000
00000002211111220000000
00000000222222200000000

# 1
11111111111111110
11111111111111110
11111111111111110
11111111111111110
11111111111111110
11111111111111110
11111111111111110
11111111111111110
11111111111111110
11111111111111110
11111111111111110
11111111111111110
11111111111111111
00000000000000011
00000000000000001
00000000000000001
00000000000000001
00000000000000001
00000000001111111


# circle_10
00000000000200000000000
00000002222122220000000
00000221111111112200000
00002111111111111120000
00021111111111111112000
00211111111111111111200
00211111111111111111200
02111111111111111111120
02111111111111111111120
02111111111111111111120
02111111111111111111120
21111111111311111111112
02111111111111111111120
02111111111111111111120
02111111111111111111120
02111111111111111111120
00211111111111111111200
00211111111111111111200
00021111111111111112000
00002111111111111120000
00000221111111112200000
00000002222122220000000
00000000000200000000000

# circle_20
0000000000000000000002000000000000000000000
0000000000000002222221222222000000000000000
0000000000000221111111111111220000000000000
0000000000022111111111111111112200000000000
0000000002211111111111111111111122000000000
0000000021111111111111111111111111200000000
0000000211111111111111111111111111120000000
0000002111111111111111111111111111112000000
0000021111111111111111111111111111111200000
0000211111111111111111111111111111111120000
0000211111111111111111111111111111111120000
0002111111111111111111111111111111111112000
0002111111111111111111111111111111111112000
0021111111111111111111111111111111111111200
0021111111111111111111111111111111111111200
0211111111111111111111111111111111111111120
0211111111111111111111111111111111111111120
0211111111111111111111111111111111111111120
0211111111111111111111111111111111111111120
0211111111111111111111111111111111111111120
0211111111111111111111111111111111111111120
2111111111111111111113111111111111111111112
0211111111111111111111111111111111111111120
0211111111111111111111111111111111111111120
0211111111111111111111111111111111111111120
0211111111111111111111111111111111111111120
0211111111111111111111111111111111111111120
0211111111111111111111111111111111111111120
0021111111111111111111111111111111111111200
0021111111111111111111111111111111111111200
0002111111111111111111111111111111111112000
0002111111111111111111111111111111111112000
0000211111111111111111111111111111111120000
0000211111111111111111111111111111111120000
0000021111111111111111111111111111111200000
0000002111111111111111111111111111112000000
0000000211111111111111111111111111120000000
0000000021111111111111111111111111200000000
0000000002211111111111111111111122000000000
0000000000022111111111111111112200000000000
0000000000000221111111111111220000000000000
0000000000000002222221222222000000000000000
0000000000000000000002000000000000000000000

# circle_19
00000000000000000000200000000000000000000
00000000000000222222122222200000000000000
00000000000022111111111111122000000000000
00000000002211111111111111111220000000000
00000000221111111111111111111112200000000
00000002211111111111111111111111220000000
00000022111111111111111111111111122000000
00000221111111111111111111111111112200000
00002211111111111111111111111111111220000
00002111111111111111111111111111111120000
00021111111111111111111111111111111112000
00021111111111111111111111111111111112000
00211111111111111111111111111111111111200
00211111111111111111111111111111111111200
02111111111111111111111111111111111111120
02111111111111111111111111111111111111120
02111111111111111111111111111111111111120
02111111111111111111111111111111111111120
02111111111111111111111111111111111111120
02111111111111111111111111111111111111120
21111111111111111111311111111111111111112
02111111111111111111111111111111111111120
02111111111111111111111111111111111111120
02111111111111111111111111111111111111120
02111111111111111111111111111111111111120
02111111111111111111111111111111111111120
02111111111111111111111111111111111111120
00211111111111111111111111111111111111200
00211111111111111111111111111111111111200
00021111111111111111111111111111111112000
00021111111111111111111111111111111112000
00002111111111111111111111111111111120000
00002211111111111111111111111111111220000
00000221111111111111111111111111112200000
00000022111111111111111111111111122000000
00000002211111111111111111111111220000000
00000000221111111111111111111112200000000
00000000002211111111111111111220000000000
00000000000022111111111111122000000000000
00000000000000222222122222200000000000000
00000000000000000000200000000000000000000

